D2R = pi/180;

Spline_Ref_Poses = [
    1.2369, 6.95, 1, -54*D2R;
    1.8528, 6.273, 1, 0*D2R;
    2.9857, 6.158, 1, 0*D2R;
    3.559, 5.588, 0, -60*D2R;
    0,0,0,0;
    0,0,0,0;
    0,0,0,0;
    0,0,0,0;
    0,0,0,0;
    0,0,0,0];

Spline_Num_Poses = 4;


