%%%%%%%%%%%%%%%%%%%%%%%%%%%%%%%%
% APRIL TAG OFFSETS AND TARGETS
%%%%%%%%%%%%%%%%%%%%%%%%%%%%%%%%

Vision_Tag_X_Offset = 0;      % inches
Vision_Tag_Y_Offset = 0;      % inches
Vision_Tag_Angle_Offset = 0;  % degrees

Vision_Tag_Target_X = 20;     % inches
Vision_Tag_Target_Y = 0;      % inches
Vision_Tag_Target_Angle = 0;  % degrees

%%%%%%%%%%%%%%%%%%%%%%%%%%%%%%%%
% OBJECT OFFSETS AND TARGETS
%%%%%%%%%%%%%%%%%%%%%%%%%%%%%%%%

Vision_Object_X_Offset = 0;    % inches
Vision_Object_Y_Offset = 0;    % inches
Vision_Object_Angle_Offset = 0; % degrees

Vision_Object_Target_X = 20; % inches
Vision_Object_Target_Y = 0;  % inches
Vision_Object_Target_Angle = 0; % degrees

%%%%%%%%%%%%%%%%%%%%%%%%%%%%%%%%
% April Tag locations, dimensions in inches
% https://firstfrc.blob.core.windows.net/frc2025/FieldAssets/2025FieldDrawings-FieldLayoutAndMarking.pdf
%%%%%%%%%%%%%%%%%%%%%%%%%%%%%%%%

% ID    X       Y       Z       Rotation
% 1     657.37  25.80   58.50   126°     Red L Coral Station
% 2     657.37  291.20  58.50   234°     Red R Coral Station
% 3     455.15  317.15  51.25   270°     Blue Algae Processor
% 4     365.20  241.64  73.54   0°       0 Angle Blue Barge
% 5     365.20  75.39   73.54   0°       0 Angle Red Barge
% 6     530.49  130.17  12.13   300° ---------------------     
% 7     546.87  158.50  12.13   0°     
% 8     530.49  186.83  12.13   60°         (BLUE)
% 9     497.77  186.83  12.13   120°      CORAL REEF
% 10    481.39  158.50  12.13   180°
% 11    497.77  130.17  12.13   240° ---------------------  
% 12    33.51   25.80   58.50   54°      Blue R Coral Station
% 13    33.51   291.20  58.50   306°     Blue L Coral Station
% 14    325.68  241.64  73.54   180°     180 Angle Blue Barge
% 15    325.68  75.39   73.54   180°     180 Angle Red Barge
% 16    235.73  -0.15   51.25   90°      Red Algae Processor
% 17    160.39  130.17  12.13   240° ---------------------
% 18    144.00  158.50  12.13   180°
% 19    160.39  186.83  12.13   120°        (RED)
% 20    193.10  186.83  12.13   60°       CORAL REEF
% 21    209.49  158.50  12.13   0°
% 22    193.10  130.17  12.13   300° ---------------------

% AT_Data = [...
%     657.37  25.80   58.50   126;
%     657.37  291.20  58.50   234;
%     455.15  317.15  51.25   270;
%     365.20  241.64  73.54   0;
%     365.20  75.39   73.54   0;
%     530.49  130.17  12.13   300;
%     546.87  158.50  12.13   0;
%     530.49  186.83  12.13   60;
%     497.77  186.83  12.13   120;
%     481.39  158.50  12.13   180;
%     497.77  130.17  12.13   240;
%     33.51   25.80   58.50   54;
%     33.51   291.20  58.50   306;
%     325.68  241.64  73.54   180;
%     325.68  75.39   73.54   180;
%     235.73  -0.15   51.25   90;
%     160.39  130.17  12.13   240;
%     144.00  158.50  12.13   180;
%     160.39  186.83  12.13   120;
%     193.10  186.83  12.13   60;
%     209.49  158.50  12.13   0;
%     193.10  130.17  12.13   300;
%     ];


